Best loglikelihood:       -1401.011946
Best parameters:
  p1 =     3.85646732236509E-01
  p2 =    -1.00709830400739E-01
  p3 =    -1.01329744380447E-01
  p4 =     6.10615874495749E-01
  p5 =     2.58221881539866E+00
  p6 =    -1.08199070493556E-03
  p7 =    -4.43033310192618E-01
  p8 =     1.96441212528143E-02
  p9 =     2.31000412531004E+00
  p10 =     1.57215898059168E+00
  p11 =     9.56272258624964E+00
Best model lightcurve:
       1     9.03401115986988E+03
       2     8.84685338536163E+03
       3     8.60189532484578E+03
       4     8.25436651306535E+03
       5     7.78080601492111E+03
       6     7.30429380168755E+03
       7     6.74377786153558E+03
       8     6.20004573924881E+03
       9     5.59629019042961E+03
      10     4.99845745711506E+03
      11     4.40309089154741E+03
      12     3.86445243759567E+03
      13     3.33547325851019E+03
      14     2.84050442820248E+03
      15     2.41034330765588E+03
      16     2.03572084688237E+03
      17     1.70973002985838E+03
      18     1.44276768151315E+03
      19     1.24707895917990E+03
      20     1.21218101060872E+03
      21     1.30148508149515E+03
      22     1.51227158887396E+03
      23     1.83356107987383E+03
      24     2.23386820795075E+03
      25     2.70333469438569E+03
      26     3.21219008611562E+03
      27     3.73359026838284E+03
      28     4.26195429645412E+03
      29     4.75926956043234E+03
      30     5.20180498090781E+03
      31     5.58019638787697E+03
      32     5.88130321158071E+03
      33     6.07010521842994E+03
      34     6.17532276314066E+03
      35     6.15854379067582E+03
      36     6.05159403371756E+03
      37     5.85192544485344E+03
      38     5.57090631001036E+03
      39     5.19689843735753E+03
      40     4.77893552216885E+03
      41     4.31101367066625E+03
      42     3.83028163053719E+03
      43     3.35429267373803E+03
      44     2.91335560332896E+03
      45     2.53307586435284E+03
      46     2.26107343505817E+03
      47     2.08518911583156E+03
      48     2.02723511261318E+03
      49     2.11516834188026E+03
      50     2.32878708441388E+03
      51     2.68131536639121E+03
      52     3.15175049121481E+03
      53     3.76459270182123E+03
      54     4.43836685642297E+03
      55     5.16695012883152E+03
      56     5.86786854909721E+03
      57     6.57792415215699E+03
      58     7.19481898371527E+03
      59     7.74821615629171E+03
      60     8.23167725500544E+03
      61     8.63279820768845E+03
      62     8.90051549082873E+03
      63     9.04626132666319E+03
      64     9.13434132499978E+03
Parameter binning (param, bin, value):
  1   1           0.2519052592504359+106
  1   2           0.0000000000000000E+00
  1   3           0.0000000000000000E+00
  1   4           0.0000000000000000E+00
  1   5           0.0000000000000000E+00
  1   6           0.0000000000000000E+00
  1   7           0.0000000000000000E+00
  1   8           0.0000000000000000E+00
  1   9           0.0000000000000000E+00
  1  10           0.0000000000000000E+00
  1  11           0.0000000000000000E+00
  1  12           0.0000000000000000E+00
  1  13           0.8820443644545803-290
  1  14           0.0000000000000000E+00
  1  15           0.2025498889734421E+22
  1  16           0.0000000000000000E+00
  1  17           0.0000000000000000E+00
  1  18           0.0000000000000000E+00
  1  19           0.9394511925505815-104
  1  20           0.0000000000000000E+00
  1  21           0.6315533113266332+200
  1  22           0.0000000000000000E+00
  1  23           0.0000000000000000E+00
  1  24           0.0000000000000000E+00
  1  25           0.0000000000000000E+00
  1  26           0.1703846301087751E+92
  1  27           0.0000000000000000E+00
  1  28           0.0000000000000000E+00
  1  29           0.0000000000000000E+00
  1  30           0.0000000000000000E+00
  1  31           0.0000000000000000E+00
  1  32           0.2993469312091044-297
  1  33           0.0000000000000000E+00
  1  34           0.0000000000000000E+00
  1  35           0.0000000000000000E+00
  1  36           0.0000000000000000E+00
  1  37           0.0000000000000000E+00
  1  38           0.0000000000000000E+00
  1  39           0.0000000000000000E+00
  1  40           0.0000000000000000E+00
  1  41           0.0000000000000000E+00
  1  42           0.0000000000000000E+00
  1  43           0.0000000000000000E+00
  1  44           0.0000000000000000E+00
  1  45           0.0000000000000000E+00
  1  46           0.0000000000000000E+00
  1  47           0.0000000000000000E+00
  1  48           0.0000000000000000E+00
  1  49           0.0000000000000000E+00
  1  50           0.0000000000000000E+00
  1  51           0.1067354287574948-101
  1  52           0.0000000000000000E+00
  1  53           0.2247747509322289+196
  1  54           0.0000000000000000E+00
  1  55           0.3686844549942413+304
  1  56           0.1351140300930578+219
  1  57           0.1310520173540215E-55
  1  58           0.0000000000000000E+00
  1  59           0.0000000000000000E+00
  1  60           0.0000000000000000E+00
  1  61           0.0000000000000000E+00
  1  62           0.0000000000000000E+00
  1  63           0.0000000000000000E+00
  1  64           0.0000000000000000E+00
  1  65           0.0000000000000000E+00
  1  66           0.0000000000000000E+00
  1  67           0.0000000000000000E+00
  1  68           0.0000000000000000E+00
  1  69           0.0000000000000000E+00
  1  70           0.0000000000000000E+00
  1  71           0.4290667486049242-291
  1  72           0.2085462989537493-124
  1  73           0.0000000000000000E+00
  1  74           0.0000000000000000E+00
  1  75           0.0000000000000000E+00
  1  76           0.0000000000000000E+00
  1  77           0.0000000000000000E+00
  1  78           0.0000000000000000E+00
  1  79           0.0000000000000000E+00
  1  80           0.0000000000000000E+00
  1  81           0.0000000000000000E+00
  1  82           0.0000000000000000E+00
  1  83           0.0000000000000000E+00
  1  84           0.0000000000000000E+00
  1  85           0.0000000000000000E+00
  1  86           0.0000000000000000E+00
  1  87           0.0000000000000000E+00
  1  88           0.0000000000000000E+00
  1  89           0.0000000000000000E+00
  1  90           0.0000000000000000E+00
  1  91           0.0000000000000000E+00
  1  92           0.0000000000000000E+00
  1  93           0.0000000000000000E+00
  1  94           0.0000000000000000E+00
  1  95           0.0000000000000000E+00
  1  96           0.0000000000000000E+00
  1  97           0.0000000000000000E+00
  1  98           0.0000000000000000E+00
  1  99           0.0000000000000000E+00
  1 100           0.0000000000000000E+00
  2   1           0.3686844549942413+304
  2   2           0.0000000000000000E+00
  2   3           0.0000000000000000E+00
  2   4           0.2085462989537493-124
  2   5           0.0000000000000000E+00
  2   6           0.0000000000000000E+00
  2   7           0.0000000000000000E+00
  2   8           0.0000000000000000E+00
  2   9           0.0000000000000000E+00
  2  10           0.0000000000000000E+00
  2  11           0.4290667486049242-291
  2  12           0.0000000000000000E+00
  2  13           0.0000000000000000E+00
  2  14           0.0000000000000000E+00
  2  15           0.0000000000000000E+00
  2  16           0.0000000000000000E+00
  2  17           0.0000000000000000E+00
  2  18           0.0000000000000000E+00
  2  19           0.0000000000000000E+00
  2  20           0.0000000000000000E+00
  2  21           0.0000000000000000E+00
  2  22           0.0000000000000000E+00
  2  23           0.0000000000000000E+00
  2  24           0.0000000000000000E+00
  2  25           0.0000000000000000E+00
  2  26           0.0000000000000000E+00
  2  27           0.0000000000000000E+00
  2  28           0.0000000000000000E+00
  2  29           0.0000000000000000E+00
  2  30           0.0000000000000000E+00
  2  31           0.0000000000000000E+00
  2  32           0.0000000000000000E+00
  2  33           0.0000000000000000E+00
  2  34           0.0000000000000000E+00
  2  35           0.0000000000000000E+00
  2  36           0.0000000000000000E+00
  2  37           0.0000000000000000E+00
  2  38           0.0000000000000000E+00
  2  39           0.0000000000000000E+00
  2  40           0.0000000000000000E+00
  2  41           0.0000000000000000E+00
  2  42           0.0000000000000000E+00
  2  43           0.0000000000000000E+00
  2  44           0.0000000000000000E+00
  2  45           0.0000000000000000E+00
  2  46           0.0000000000000000E+00
  2  47           0.0000000000000000E+00
  2  48           0.0000000000000000E+00
  2  49           0.0000000000000000E+00
  2  50           0.0000000000000000E+00
  2  51           0.0000000000000000E+00
  2  52           0.0000000000000000E+00
  2  53           0.0000000000000000E+00
  2  54           0.0000000000000000E+00
  2  55           0.0000000000000000E+00
  2  56           0.0000000000000000E+00
  2  57           0.0000000000000000E+00
  2  58           0.0000000000000000E+00
  2  59           0.0000000000000000E+00
  2  60           0.0000000000000000E+00
  2  61           0.0000000000000000E+00
  2  62           0.0000000000000000E+00
  2  63           0.0000000000000000E+00
  2  64           0.0000000000000000E+00
  2  65           0.0000000000000000E+00
  2  66           0.0000000000000000E+00
  2  67           0.0000000000000000E+00
  2  68           0.0000000000000000E+00
  2  69           0.0000000000000000E+00
  2  70           0.0000000000000000E+00
  2  71           0.0000000000000000E+00
  2  72           0.0000000000000000E+00
  2  73           0.0000000000000000E+00
  2  74           0.0000000000000000E+00
  2  75           0.0000000000000000E+00
  2  76           0.0000000000000000E+00
  2  77           0.0000000000000000E+00
  2  78           0.0000000000000000E+00
  2  79           0.0000000000000000E+00
  2  80           0.0000000000000000E+00
  2  81           0.0000000000000000E+00
  2  82           0.0000000000000000E+00
  2  83           0.0000000000000000E+00
  2  84           0.0000000000000000E+00
  2  85           0.0000000000000000E+00
  2  86           0.0000000000000000E+00
  2  87           0.0000000000000000E+00
  2  88           0.0000000000000000E+00
  2  89           0.0000000000000000E+00
  2  90           0.0000000000000000E+00
  2  91           0.0000000000000000E+00
  2  92           0.0000000000000000E+00
  2  93           0.0000000000000000E+00
  2  94           0.0000000000000000E+00
  2  95           0.0000000000000000E+00
  2  96           0.0000000000000000E+00
  2  97           0.0000000000000000E+00
  2  98           0.0000000000000000E+00
  2  99           0.0000000000000000E+00
  2 100           0.0000000000000000E+00
  3   1           0.3686844549942413+304
  3   2           0.0000000000000000E+00
  3   3           0.0000000000000000E+00
  3   4           0.0000000000000000E+00
  3   5           0.0000000000000000E+00
  3   6           0.0000000000000000E+00
  3   7           0.0000000000000000E+00
  3   8           0.0000000000000000E+00
  3   9           0.0000000000000000E+00
  3  10           0.0000000000000000E+00
  3  11           0.0000000000000000E+00
  3  12           0.0000000000000000E+00
  3  13           0.0000000000000000E+00
  3  14           0.0000000000000000E+00
  3  15           0.0000000000000000E+00
  3  16           0.0000000000000000E+00
  3  17           0.0000000000000000E+00
  3  18           0.0000000000000000E+00
  3  19           0.0000000000000000E+00
  3  20           0.0000000000000000E+00
  3  21           0.0000000000000000E+00
  3  22           0.0000000000000000E+00
  3  23           0.0000000000000000E+00
  3  24           0.0000000000000000E+00
  3  25           0.0000000000000000E+00
  3  26           0.0000000000000000E+00
  3  27           0.0000000000000000E+00
  3  28           0.0000000000000000E+00
  3  29           0.0000000000000000E+00
  3  30           0.0000000000000000E+00
  3  31           0.0000000000000000E+00
  3  32           0.0000000000000000E+00
  3  33           0.0000000000000000E+00
  3  34           0.0000000000000000E+00
  3  35           0.0000000000000000E+00
  3  36           0.0000000000000000E+00
  3  37           0.0000000000000000E+00
  3  38           0.0000000000000000E+00
  3  39           0.0000000000000000E+00
  3  40           0.0000000000000000E+00
  3  41           0.0000000000000000E+00
  3  42           0.0000000000000000E+00
  3  43           0.0000000000000000E+00
  3  44           0.0000000000000000E+00
  3  45           0.0000000000000000E+00
  3  46           0.0000000000000000E+00
  3  47           0.0000000000000000E+00
  3  48           0.0000000000000000E+00
  3  49           0.0000000000000000E+00
  3  50           0.0000000000000000E+00
  3  51           0.0000000000000000E+00
  3  52           0.0000000000000000E+00
  3  53           0.0000000000000000E+00
  3  54           0.0000000000000000E+00
  3  55           0.0000000000000000E+00
  3  56           0.0000000000000000E+00
  3  57           0.0000000000000000E+00
  3  58           0.0000000000000000E+00
  3  59           0.0000000000000000E+00
  3  60           0.0000000000000000E+00
  3  61           0.0000000000000000E+00
  3  62           0.0000000000000000E+00
  3  63           0.0000000000000000E+00
  3  64           0.0000000000000000E+00
  3  65           0.0000000000000000E+00
  3  66           0.0000000000000000E+00
  3  67           0.2085462989537493-124
  3  68           0.0000000000000000E+00
  3  69           0.0000000000000000E+00
  3  70           0.0000000000000000E+00
  3  71           0.0000000000000000E+00
  3  72           0.0000000000000000E+00
  3  73           0.0000000000000000E+00
  3  74           0.0000000000000000E+00
  3  75           0.0000000000000000E+00
  3  76           0.0000000000000000E+00
  3  77           0.0000000000000000E+00
  3  78           0.0000000000000000E+00
  3  79           0.0000000000000000E+00
  3  80           0.0000000000000000E+00
  3  81           0.0000000000000000E+00
  3  82           0.0000000000000000E+00
  3  83           0.0000000000000000E+00
  3  84           0.0000000000000000E+00
  3  85           0.0000000000000000E+00
  3  86           0.0000000000000000E+00
  3  87           0.0000000000000000E+00
  3  88           0.0000000000000000E+00
  3  89           0.0000000000000000E+00
  3  90           0.0000000000000000E+00
  3  91           0.0000000000000000E+00
  3  92           0.0000000000000000E+00
  3  93           0.0000000000000000E+00
  3  94           0.0000000000000000E+00
  3  95           0.0000000000000000E+00
  3  96           0.0000000000000000E+00
  3  97           0.0000000000000000E+00
  3  98           0.0000000000000000E+00
  3  99           0.0000000000000000E+00
  3 100           0.0000000000000000E+00
  4   1           0.0000000000000000E+00
  4   2           0.0000000000000000E+00
  4   3           0.0000000000000000E+00
  4   4           0.0000000000000000E+00
  4   5           0.0000000000000000E+00
  4   6           0.0000000000000000E+00
  4   7           0.0000000000000000E+00
  4   8           0.0000000000000000E+00
  4   9           0.0000000000000000E+00
  4  10           0.0000000000000000E+00
  4  11           0.0000000000000000E+00
  4  12           0.0000000000000000E+00
  4  13           0.0000000000000000E+00
  4  14           0.0000000000000000E+00
  4  15           0.0000000000000000E+00
  4  16           0.0000000000000000E+00
  4  17           0.0000000000000000E+00
  4  18           0.0000000000000000E+00
  4  19           0.0000000000000000E+00
  4  20           0.3686844549942413+304
  4  21           0.2085462989537493-124
  4  22           0.0000000000000000E+00
  4  23           0.0000000000000000E+00
  4  24           0.0000000000000000E+00
  4  25           0.0000000000000000E+00
  4  26           0.1647154469967939-212
  4  27           0.9394511925505815-104
  4  28           0.0000000000000000E+00
  4  29           0.0000000000000000E+00
  4  30           0.0000000000000000E+00
  4  31           0.0000000000000000E+00
  4  32           0.0000000000000000E+00
  4  33           0.0000000000000000E+00
  4  34           0.0000000000000000E+00
  4  35           0.0000000000000000E+00
  4  36           0.0000000000000000E+00
  4  37           0.0000000000000000E+00
  4  38           0.0000000000000000E+00
  4  39           0.0000000000000000E+00
  4  40           0.6315533113266332+200
  4  41           0.0000000000000000E+00
  4  42           0.0000000000000000E+00
  4  43           0.0000000000000000E+00
  4  44           0.0000000000000000E+00
  4  45           0.0000000000000000E+00
  4  46           0.2519052592504359+106
  4  47           0.0000000000000000E+00
  4  48           0.0000000000000000E+00
  4  49           0.0000000000000000E+00
  4  50           0.0000000000000000E+00
  4  51           0.0000000000000000E+00
  4  52           0.0000000000000000E+00
  4  53           0.0000000000000000E+00
  4  54           0.0000000000000000E+00
  4  55           0.0000000000000000E+00
  4  56           0.0000000000000000E+00
  4  57           0.0000000000000000E+00
  4  58           0.0000000000000000E+00
  4  59           0.0000000000000000E+00
  4  60           0.0000000000000000E+00
  4  61           0.0000000000000000E+00
  4  62           0.0000000000000000E+00
  4  63           0.0000000000000000E+00
  4  64           0.0000000000000000E+00
  4  65           0.0000000000000000E+00
  4  66           0.0000000000000000E+00
  4  67           0.0000000000000000E+00
  4  68           0.0000000000000000E+00
  4  69           0.0000000000000000E+00
  4  70           0.0000000000000000E+00
  4  71           0.0000000000000000E+00
  4  72           0.0000000000000000E+00
  4  73           0.0000000000000000E+00
  4  74           0.0000000000000000E+00
  4  75           0.0000000000000000E+00
  4  76           0.0000000000000000E+00
  4  77           0.0000000000000000E+00
  4  78           0.0000000000000000E+00
  4  79           0.0000000000000000E+00
  4  80           0.0000000000000000E+00
  4  81           0.0000000000000000E+00
  4  82           0.0000000000000000E+00
  4  83           0.0000000000000000E+00
  4  84           0.0000000000000000E+00
  4  85           0.0000000000000000E+00
  4  86           0.0000000000000000E+00
  4  87           0.0000000000000000E+00
  4  88           0.0000000000000000E+00
  4  89           0.0000000000000000E+00
  4  90           0.0000000000000000E+00
  4  91           0.0000000000000000E+00
  4  92           0.0000000000000000E+00
  4  93           0.0000000000000000E+00
  4  94           0.0000000000000000E+00
  4  95           0.0000000000000000E+00
  4  96           0.0000000000000000E+00
  4  97           0.0000000000000000E+00
  4  98           0.0000000000000000E+00
  4  99           0.0000000000000000E+00
  4 100           0.0000000000000000E+00
  5   1           0.0000000000000000E+00
  5   2           0.0000000000000000E+00
  5   3           0.0000000000000000E+00
  5   4           0.0000000000000000E+00
  5   5           0.0000000000000000E+00
  5   6           0.0000000000000000E+00
  5   7           0.0000000000000000E+00
  5   8           0.0000000000000000E+00
  5   9           0.0000000000000000E+00
  5  10           0.0000000000000000E+00
  5  11           0.0000000000000000E+00
  5  12           0.0000000000000000E+00
  5  13           0.0000000000000000E+00
  5  14           0.0000000000000000E+00
  5  15           0.0000000000000000E+00
  5  16           0.0000000000000000E+00
  5  17           0.0000000000000000E+00
  5  18           0.0000000000000000E+00
  5  19           0.0000000000000000E+00
  5  20           0.0000000000000000E+00
  5  21           0.0000000000000000E+00
  5  22           0.0000000000000000E+00
  5  23           0.0000000000000000E+00
  5  24           0.0000000000000000E+00
  5  25           0.0000000000000000E+00
  5  26           0.0000000000000000E+00
  5  27           0.0000000000000000E+00
  5  28           0.0000000000000000E+00
  5  29           0.0000000000000000E+00
  5  30           0.8820443644545803-290
  5  31           0.0000000000000000E+00
  5  32           0.9394511925505815-104
  5  33           0.4594731477780715-129
  5  34           0.0000000000000000E+00
  5  35           0.0000000000000000E+00
  5  36           0.0000000000000000E+00
  5  37           0.0000000000000000E+00
  5  38           0.1067354287574948-101
  5  39           0.0000000000000000E+00
  5  40           0.2247747509322289+196
  5  41           0.3686844549942413+304
  5  42           0.1647154469967939-212
  5  43           0.1351140300930578+219
  5  44           0.1310520173540215E-55
  5  45           0.0000000000000000E+00
  5  46           0.0000000000000000E+00
  5  47           0.0000000000000000E+00
  5  48           0.0000000000000000E+00
  5  49           0.0000000000000000E+00
  5  50           0.0000000000000000E+00
  5  51           0.0000000000000000E+00
  5  52           0.0000000000000000E+00
  5  53           0.0000000000000000E+00
  5  54           0.0000000000000000E+00
  5  55           0.0000000000000000E+00
  5  56           0.0000000000000000E+00
  5  57           0.0000000000000000E+00
  5  58           0.0000000000000000E+00
  5  59           0.0000000000000000E+00
  5  60           0.0000000000000000E+00
  5  61           0.0000000000000000E+00
  5  62           0.0000000000000000E+00
  5  63           0.0000000000000000E+00
  5  64           0.0000000000000000E+00
  5  65           0.0000000000000000E+00
  5  66           0.0000000000000000E+00
  5  67           0.0000000000000000E+00
  5  68           0.0000000000000000E+00
  5  69           0.0000000000000000E+00
  5  70           0.0000000000000000E+00
  5  71           0.0000000000000000E+00
  5  72           0.0000000000000000E+00
  5  73           0.0000000000000000E+00
  5  74           0.0000000000000000E+00
  5  75           0.0000000000000000E+00
  5  76           0.0000000000000000E+00
  5  77           0.1905374218769851E+39
  5  78           0.0000000000000000E+00
  5  79           0.2519052592504359+106
  5  80           0.2515424688474663-147
  5  81           0.0000000000000000E+00
  5  82           0.2025498889734421E+22
  5  83           0.0000000000000000E+00
  5  84           0.6315533113266332+200
  5  85           0.1703846301087751E+92
  5  86           0.0000000000000000E+00
  5  87           0.2993469312091044-297
  5  88           0.0000000000000000E+00
  5  89           0.1282412593349104-170
  5  90           0.0000000000000000E+00
  5  91           0.2085462989537493-124
  5  92           0.4290667486049242-291
  5  93           0.0000000000000000E+00
  5  94           0.0000000000000000E+00
  5  95           0.0000000000000000E+00
  5  96           0.0000000000000000E+00
  5  97           0.0000000000000000E+00
  5  98           0.0000000000000000E+00
  5  99           0.0000000000000000E+00
  5 100           0.0000000000000000E+00
  6   1           0.3686844549942413+304
  6   2           0.0000000000000000E+00
  6   3           0.0000000000000000E+00
  6   4           0.0000000000000000E+00
  6   5           0.0000000000000000E+00
  6   6           0.1351140300930578+219
  6   7           0.0000000000000000E+00
  6   8           0.0000000000000000E+00
  6   9           0.8820443644545803-290
  6  10           0.1647154469967939-212
  6  11           0.0000000000000000E+00
  6  12           0.0000000000000000E+00
  6  13           0.1310520173540215E-55
  6  14           0.0000000000000000E+00
  6  15           0.0000000000000000E+00
  6  16           0.0000000000000000E+00
  6  17           0.0000000000000000E+00
  6  18           0.1152937197293475-228
  6  19           0.0000000000000000E+00
  6  20           0.0000000000000000E+00
  6  21           0.0000000000000000E+00
  6  22           0.0000000000000000E+00
  6  23           0.0000000000000000E+00
  6  24           0.2993469312091044-297
  6  25           0.0000000000000000E+00
  6  26           0.0000000000000000E+00
  6  27           0.0000000000000000E+00
  6  28           0.0000000000000000E+00
  6  29           0.0000000000000000E+00
  6  30           0.0000000000000000E+00
  6  31           0.0000000000000000E+00
  6  32           0.1703846301087751E+92
  6  33           0.0000000000000000E+00
  6  34           0.0000000000000000E+00
  6  35           0.0000000000000000E+00
  6  36           0.0000000000000000E+00
  6  37           0.0000000000000000E+00
  6  38           0.0000000000000000E+00
  6  39           0.0000000000000000E+00
  6  40           0.6315533113266332+200
  6  41           0.0000000000000000E+00
  6  42           0.0000000000000000E+00
  6  43           0.0000000000000000E+00
  6  44           0.0000000000000000E+00
  6  45           0.0000000000000000E+00
  6  46           0.0000000000000000E+00
  6  47           0.0000000000000000E+00
  6  48           0.2025498889734421E+22
  6  49           0.0000000000000000E+00
  6  50           0.0000000000000000E+00
  6  51           0.0000000000000000E+00
  6  52           0.0000000000000000E+00
  6  53           0.0000000000000000E+00
  6  54           0.0000000000000000E+00
  6  55           0.0000000000000000E+00
  6  56           0.0000000000000000E+00
  6  57           0.0000000000000000E+00
  6  58           0.0000000000000000E+00
  6  59           0.0000000000000000E+00
  6  60           0.0000000000000000E+00
  6  61           0.0000000000000000E+00
  6  62           0.0000000000000000E+00
  6  63           0.0000000000000000E+00
  6  64           0.0000000000000000E+00
  6  65           0.4290667486049242-291
  6  66           0.0000000000000000E+00
  6  67           0.0000000000000000E+00
  6  68           0.0000000000000000E+00
  6  69           0.0000000000000000E+00
  6  70           0.2085462989537493-124
  6  71           0.0000000000000000E+00
  6  72           0.0000000000000000E+00
  6  73           0.0000000000000000E+00
  6  74           0.1282412593349104-170
  6  75           0.0000000000000000E+00
  6  76           0.0000000000000000E+00
  6  77           0.0000000000000000E+00
  6  78           0.0000000000000000E+00
  6  79           0.0000000000000000E+00
  6  80           0.0000000000000000E+00
  6  81           0.0000000000000000E+00
  6  82           0.0000000000000000E+00
  6  83           0.0000000000000000E+00
  6  84           0.0000000000000000E+00
  6  85           0.0000000000000000E+00
  6  86           0.0000000000000000E+00
  6  87           0.0000000000000000E+00
  6  88           0.0000000000000000E+00
  6  89           0.0000000000000000E+00
  6  90           0.0000000000000000E+00
  6  91           0.0000000000000000E+00
  6  92           0.0000000000000000E+00
  6  93           0.0000000000000000E+00
  6  94           0.0000000000000000E+00
  6  95           0.0000000000000000E+00
  6  96           0.0000000000000000E+00
  6  97           0.0000000000000000E+00
  6  98           0.0000000000000000E+00
  6  99           0.0000000000000000E+00
  6 100           0.0000000000000000E+00
  7   1           0.3686844549942413+304
  7   2           0.0000000000000000E+00
  7   3           0.0000000000000000E+00
  7   4           0.0000000000000000E+00
  7   5           0.2519052592504359+106
  7   6           0.0000000000000000E+00
  7   7           0.0000000000000000E+00
  7   8           0.0000000000000000E+00
  7   9           0.1905374218769851E+39
  7  10           0.0000000000000000E+00
  7  11           0.0000000000000000E+00
  7  12           0.0000000000000000E+00
  7  13           0.0000000000000000E+00
  7  14           0.0000000000000000E+00
  7  15           0.0000000000000000E+00
  7  16           0.0000000000000000E+00
  7  17           0.0000000000000000E+00
  7  18           0.0000000000000000E+00
  7  19           0.0000000000000000E+00
  7  20           0.0000000000000000E+00
  7  21           0.0000000000000000E+00
  7  22           0.0000000000000000E+00
  7  23           0.0000000000000000E+00
  7  24           0.0000000000000000E+00
  7  25           0.0000000000000000E+00
  7  26           0.0000000000000000E+00
  7  27           0.0000000000000000E+00
  7  28           0.0000000000000000E+00
  7  29           0.0000000000000000E+00
  7  30           0.0000000000000000E+00
  7  31           0.0000000000000000E+00
  7  32           0.0000000000000000E+00
  7  33           0.0000000000000000E+00
  7  34           0.0000000000000000E+00
  7  35           0.0000000000000000E+00
  7  36           0.0000000000000000E+00
  7  37           0.0000000000000000E+00
  7  38           0.0000000000000000E+00
  7  39           0.0000000000000000E+00
  7  40           0.1282412593349104-170
  7  41           0.0000000000000000E+00
  7  42           0.0000000000000000E+00
  7  43           0.0000000000000000E+00
  7  44           0.0000000000000000E+00
  7  45           0.0000000000000000E+00
  7  46           0.0000000000000000E+00
  7  47           0.2085462989537493-124
  7  48           0.0000000000000000E+00
  7  49           0.0000000000000000E+00
  7  50           0.0000000000000000E+00
  7  51           0.0000000000000000E+00
  7  52           0.0000000000000000E+00
  7  53           0.0000000000000000E+00
  7  54           0.4290667486049242-291
  7  55           0.0000000000000000E+00
  7  56           0.0000000000000000E+00
  7  57           0.0000000000000000E+00
  7  58           0.0000000000000000E+00
  7  59           0.0000000000000000E+00
  7  60           0.0000000000000000E+00
  7  61           0.0000000000000000E+00
  7  62           0.0000000000000000E+00
  7  63           0.0000000000000000E+00
  7  64           0.0000000000000000E+00
  7  65           0.0000000000000000E+00
  7  66           0.0000000000000000E+00
  7  67           0.0000000000000000E+00
  7  68           0.0000000000000000E+00
  7  69           0.0000000000000000E+00
  7  70           0.0000000000000000E+00
  7  71           0.0000000000000000E+00
  7  72           0.0000000000000000E+00
  7  73           0.0000000000000000E+00
  7  74           0.0000000000000000E+00
  7  75           0.0000000000000000E+00
  7  76           0.1152937197293475-228
  7  77           0.2025498889734421E+22
  7  78           0.0000000000000000E+00
  7  79           0.0000000000000000E+00
  7  80           0.0000000000000000E+00
  7  81           0.9394511925505815-104
  7  82           0.6315533113266332+200
  7  83           0.0000000000000000E+00
  7  84           0.0000000000000000E+00
  7  85           0.1703846301087751E+92
  7  86           0.0000000000000000E+00
  7  87           0.0000000000000000E+00
  7  88           0.2993469312091044-297
  7  89           0.0000000000000000E+00
  7  90           0.0000000000000000E+00
  7  91           0.0000000000000000E+00
  7  92           0.0000000000000000E+00
  7  93           0.0000000000000000E+00
  7  94           0.0000000000000000E+00
  7  95           0.0000000000000000E+00
  7  96           0.0000000000000000E+00
  7  97           0.0000000000000000E+00
  7  98           0.0000000000000000E+00
  7  99           0.0000000000000000E+00
  7 100           0.0000000000000000E+00
  8   1           0.6315533113266332+200
  8   2           0.0000000000000000E+00
  8   3           0.3686844549942413+304
  8   4           0.0000000000000000E+00
  8   5           0.0000000000000000E+00
  8   6           0.0000000000000000E+00
  8   7           0.0000000000000000E+00
  8   8           0.0000000000000000E+00
  8   9           0.0000000000000000E+00
  8  10           0.0000000000000000E+00
  8  11           0.0000000000000000E+00
  8  12           0.0000000000000000E+00
  8  13           0.0000000000000000E+00
  8  14           0.0000000000000000E+00
  8  15           0.0000000000000000E+00
  8  16           0.0000000000000000E+00
  8  17           0.0000000000000000E+00
  8  18           0.0000000000000000E+00
  8  19           0.0000000000000000E+00
  8  20           0.0000000000000000E+00
  8  21           0.0000000000000000E+00
  8  22           0.0000000000000000E+00
  8  23           0.0000000000000000E+00
  8  24           0.0000000000000000E+00
  8  25           0.0000000000000000E+00
  8  26           0.0000000000000000E+00
  8  27           0.0000000000000000E+00
  8  28           0.0000000000000000E+00
  8  29           0.0000000000000000E+00
  8  30           0.0000000000000000E+00
  8  31           0.0000000000000000E+00
  8  32           0.0000000000000000E+00
  8  33           0.0000000000000000E+00
  8  34           0.0000000000000000E+00
  8  35           0.0000000000000000E+00
  8  36           0.0000000000000000E+00
  8  37           0.0000000000000000E+00
  8  38           0.0000000000000000E+00
  8  39           0.0000000000000000E+00
  8  40           0.0000000000000000E+00
  8  41           0.0000000000000000E+00
  8  42           0.0000000000000000E+00
  8  43           0.0000000000000000E+00
  8  44           0.0000000000000000E+00
  8  45           0.0000000000000000E+00
  8  46           0.0000000000000000E+00
  8  47           0.0000000000000000E+00
  8  48           0.1647154469967939-212
  8  49           0.0000000000000000E+00
  8  50           0.0000000000000000E+00
  8  51           0.0000000000000000E+00
  8  52           0.0000000000000000E+00
  8  53           0.0000000000000000E+00
  8  54           0.0000000000000000E+00
  8  55           0.0000000000000000E+00
  8  56           0.0000000000000000E+00
  8  57           0.0000000000000000E+00
  8  58           0.0000000000000000E+00
  8  59           0.0000000000000000E+00
  8  60           0.0000000000000000E+00
  8  61           0.0000000000000000E+00
  8  62           0.0000000000000000E+00
  8  63           0.0000000000000000E+00
  8  64           0.0000000000000000E+00
  8  65           0.0000000000000000E+00
  8  66           0.0000000000000000E+00
  8  67           0.0000000000000000E+00
  8  68           0.0000000000000000E+00
  8  69           0.0000000000000000E+00
  8  70           0.0000000000000000E+00
  8  71           0.0000000000000000E+00
  8  72           0.0000000000000000E+00
  8  73           0.0000000000000000E+00
  8  74           0.0000000000000000E+00
  8  75           0.0000000000000000E+00
  8  76           0.0000000000000000E+00
  8  77           0.0000000000000000E+00
  8  78           0.0000000000000000E+00
  8  79           0.0000000000000000E+00
  8  80           0.0000000000000000E+00
  8  81           0.0000000000000000E+00
  8  82           0.0000000000000000E+00
  8  83           0.0000000000000000E+00
  8  84           0.0000000000000000E+00
  8  85           0.0000000000000000E+00
  8  86           0.0000000000000000E+00
  8  87           0.0000000000000000E+00
  8  88           0.0000000000000000E+00
  8  89           0.0000000000000000E+00
  8  90           0.0000000000000000E+00
  8  91           0.0000000000000000E+00
  8  92           0.0000000000000000E+00
  8  93           0.0000000000000000E+00
  8  94           0.0000000000000000E+00
  8  95           0.0000000000000000E+00
  8  96           0.0000000000000000E+00
  8  97           0.0000000000000000E+00
  8  98           0.0000000000000000E+00
  8  99           0.0000000000000000E+00
  8 100           0.0000000000000000E+00
  9   1           0.0000000000000000E+00
  9   2           0.0000000000000000E+00
  9   3           0.0000000000000000E+00
  9   4           0.0000000000000000E+00
  9   5           0.0000000000000000E+00
  9   6           0.0000000000000000E+00
  9   7           0.0000000000000000E+00
  9   8           0.0000000000000000E+00
  9   9           0.0000000000000000E+00
  9  10           0.0000000000000000E+00
  9  11           0.0000000000000000E+00
  9  12           0.0000000000000000E+00
  9  13           0.0000000000000000E+00
  9  14           0.0000000000000000E+00
  9  15           0.0000000000000000E+00
  9  16           0.0000000000000000E+00
  9  17           0.0000000000000000E+00
  9  18           0.0000000000000000E+00
  9  19           0.0000000000000000E+00
  9  20           0.0000000000000000E+00
  9  21           0.6315533113266332+200
  9  22           0.0000000000000000E+00
  9  23           0.0000000000000000E+00
  9  24           0.0000000000000000E+00
  9  25           0.0000000000000000E+00
  9  26           0.0000000000000000E+00
  9  27           0.0000000000000000E+00
  9  28           0.0000000000000000E+00
  9  29           0.0000000000000000E+00
  9  30           0.0000000000000000E+00
  9  31           0.0000000000000000E+00
  9  32           0.0000000000000000E+00
  9  33           0.0000000000000000E+00
  9  34           0.0000000000000000E+00
  9  35           0.0000000000000000E+00
  9  36           0.0000000000000000E+00
  9  37           0.0000000000000000E+00
  9  38           0.0000000000000000E+00
  9  39           0.0000000000000000E+00
  9  40           0.0000000000000000E+00
  9  41           0.0000000000000000E+00
  9  42           0.0000000000000000E+00
  9  43           0.0000000000000000E+00
  9  44           0.0000000000000000E+00
  9  45           0.0000000000000000E+00
  9  46           0.0000000000000000E+00
  9  47           0.0000000000000000E+00
  9  48           0.0000000000000000E+00
  9  49           0.0000000000000000E+00
  9  50           0.1647154469967939-212
  9  51           0.0000000000000000E+00
  9  52           0.0000000000000000E+00
  9  53           0.0000000000000000E+00
  9  54           0.0000000000000000E+00
  9  55           0.0000000000000000E+00
  9  56           0.0000000000000000E+00
  9  57           0.0000000000000000E+00
  9  58           0.0000000000000000E+00
  9  59           0.0000000000000000E+00
  9  60           0.0000000000000000E+00
  9  61           0.0000000000000000E+00
  9  62           0.0000000000000000E+00
  9  63           0.0000000000000000E+00
  9  64           0.2519052592504359+106
  9  65           0.0000000000000000E+00
  9  66           0.9394511925505815-104
  9  67           0.0000000000000000E+00
  9  68           0.0000000000000000E+00
  9  69           0.0000000000000000E+00
  9  70           0.0000000000000000E+00
  9  71           0.0000000000000000E+00
  9  72           0.0000000000000000E+00
  9  73           0.3686844549942413+304
  9  74           0.0000000000000000E+00
  9  75           0.0000000000000000E+00
  9  76           0.0000000000000000E+00
  9  77           0.0000000000000000E+00
  9  78           0.0000000000000000E+00
  9  79           0.0000000000000000E+00
  9  80           0.0000000000000000E+00
  9  81           0.0000000000000000E+00
  9  82           0.0000000000000000E+00
  9  83           0.0000000000000000E+00
  9  84           0.0000000000000000E+00
  9  85           0.0000000000000000E+00
  9  86           0.0000000000000000E+00
  9  87           0.0000000000000000E+00
  9  88           0.0000000000000000E+00
  9  89           0.0000000000000000E+00
  9  90           0.0000000000000000E+00
  9  91           0.0000000000000000E+00
  9  92           0.0000000000000000E+00
  9  93           0.0000000000000000E+00
  9  94           0.0000000000000000E+00
  9  95           0.0000000000000000E+00
  9  96           0.0000000000000000E+00
  9  97           0.0000000000000000E+00
  9  98           0.0000000000000000E+00
  9  99           0.0000000000000000E+00
  9 100           0.0000000000000000E+00
 10   1           0.0000000000000000E+00
 10   2           0.0000000000000000E+00
 10   3           0.0000000000000000E+00
 10   4           0.0000000000000000E+00
 10   5           0.0000000000000000E+00
 10   6           0.0000000000000000E+00
 10   7           0.0000000000000000E+00
 10   8           0.0000000000000000E+00
 10   9           0.0000000000000000E+00
 10  10           0.0000000000000000E+00
 10  11           0.0000000000000000E+00
 10  12           0.0000000000000000E+00
 10  13           0.0000000000000000E+00
 10  14           0.0000000000000000E+00
 10  15           0.0000000000000000E+00
 10  16           0.0000000000000000E+00
 10  17           0.2025498889734421E+22
 10  18           0.0000000000000000E+00
 10  19           0.6315533113266332+200
 10  20           0.1703846301087751E+92
 10  21           0.0000000000000000E+00
 10  22           0.1067354287574948-101
 10  23           0.0000000000000000E+00
 10  24           0.2247747509322289+196
 10  25           0.3686844549942413+304
 10  26           0.0000000000000000E+00
 10  27           0.1351140300930578+219
 10  28           0.1310520173540215E-55
 10  29           0.0000000000000000E+00
 10  30           0.0000000000000000E+00
 10  31           0.0000000000000000E+00
 10  32           0.0000000000000000E+00
 10  33           0.0000000000000000E+00
 10  34           0.0000000000000000E+00
 10  35           0.0000000000000000E+00
 10  36           0.0000000000000000E+00
 10  37           0.0000000000000000E+00
 10  38           0.0000000000000000E+00
 10  39           0.0000000000000000E+00
 10  40           0.0000000000000000E+00
 10  41           0.0000000000000000E+00
 10  42           0.0000000000000000E+00
 10  43           0.0000000000000000E+00
 10  44           0.0000000000000000E+00
 10  45           0.0000000000000000E+00
 10  46           0.0000000000000000E+00
 10  47           0.0000000000000000E+00
 10  48           0.0000000000000000E+00
 10  49           0.0000000000000000E+00
 10  50           0.0000000000000000E+00
 10  51           0.0000000000000000E+00
 10  52           0.0000000000000000E+00
 10  53           0.0000000000000000E+00
 10  54           0.0000000000000000E+00
 10  55           0.0000000000000000E+00
 10  56           0.0000000000000000E+00
 10  57           0.0000000000000000E+00
 10  58           0.0000000000000000E+00
 10  59           0.0000000000000000E+00
 10  60           0.0000000000000000E+00
 10  61           0.0000000000000000E+00
 10  62           0.0000000000000000E+00
 10  63           0.0000000000000000E+00
 10  64           0.8820443644545803-290
 10  65           0.9394511925505815-104
 10  66           0.0000000000000000E+00
 10  67           0.4594731477780715-129
 10  68           0.1282412593349104-170
 10  69           0.0000000000000000E+00
 10  70           0.2085462989537493-124
 10  71           0.4290667486049242-291
 10  72           0.0000000000000000E+00
 10  73           0.0000000000000000E+00
 10  74           0.0000000000000000E+00
 10  75           0.0000000000000000E+00
 10  76           0.0000000000000000E+00
 10  77           0.0000000000000000E+00
 10  78           0.0000000000000000E+00
 10  79           0.0000000000000000E+00
 10  80           0.0000000000000000E+00
 10  81           0.0000000000000000E+00
 10  82           0.0000000000000000E+00
 10  83           0.0000000000000000E+00
 10  84           0.0000000000000000E+00
 10  85           0.1152937197293475-228
 10  86           0.1647154469967939-212
 10  87           0.0000000000000000E+00
 10  88           0.0000000000000000E+00
 10  89           0.0000000000000000E+00
 10  90           0.0000000000000000E+00
 10  91           0.0000000000000000E+00
 10  92           0.0000000000000000E+00
 10  93           0.0000000000000000E+00
 10  94           0.0000000000000000E+00
 10  95           0.0000000000000000E+00
 10  96           0.1905374218769851E+39
 10  97           0.2519052592504359+106
 10  98           0.0000000000000000E+00
 10  99           0.2515424688474663-147
 10 100           0.0000000000000000E+00
 11   1           0.0000000000000000E+00
 11   2           0.0000000000000000E+00
 11   3           0.0000000000000000E+00
 11   4           0.0000000000000000E+00
 11   5           0.0000000000000000E+00
 11   6           0.0000000000000000E+00
 11   7           0.0000000000000000E+00
 11   8           0.0000000000000000E+00
 11   9           0.0000000000000000E+00
 11  10           0.0000000000000000E+00
 11  11           0.0000000000000000E+00
 11  12           0.0000000000000000E+00
 11  13           0.0000000000000000E+00
 11  14           0.0000000000000000E+00
 11  15           0.0000000000000000E+00
 11  16           0.0000000000000000E+00
 11  17           0.0000000000000000E+00
 11  18           0.0000000000000000E+00
 11  19           0.0000000000000000E+00
 11  20           0.0000000000000000E+00
 11  21           0.0000000000000000E+00
 11  22           0.0000000000000000E+00
 11  23           0.1647154469967939-212
 11  24           0.0000000000000000E+00
 11  25           0.0000000000000000E+00
 11  26           0.0000000000000000E+00
 11  27           0.0000000000000000E+00
 11  28           0.0000000000000000E+00
 11  29           0.9394511925505815-104
 11  30           0.0000000000000000E+00
 11  31           0.0000000000000000E+00
 11  32           0.0000000000000000E+00
 11  33           0.0000000000000000E+00
 11  34           0.0000000000000000E+00
 11  35           0.0000000000000000E+00
 11  36           0.0000000000000000E+00
 11  37           0.0000000000000000E+00
 11  38           0.0000000000000000E+00
 11  39           0.0000000000000000E+00
 11  40           0.0000000000000000E+00
 11  41           0.2519052592504359+106
 11  42           0.0000000000000000E+00
 11  43           0.0000000000000000E+00
 11  44           0.0000000000000000E+00
 11  45           0.0000000000000000E+00
 11  46           0.6315533113266332+200
 11  47           0.0000000000000000E+00
 11  48           0.0000000000000000E+00
 11  49           0.0000000000000000E+00
 11  50           0.0000000000000000E+00
 11  51           0.0000000000000000E+00
 11  52           0.0000000000000000E+00
 11  53           0.0000000000000000E+00
 11  54           0.0000000000000000E+00
 11  55           0.0000000000000000E+00
 11  56           0.0000000000000000E+00
 11  57           0.0000000000000000E+00
 11  58           0.0000000000000000E+00
 11  59           0.0000000000000000E+00
 11  60           0.0000000000000000E+00
 11  61           0.0000000000000000E+00
 11  62           0.0000000000000000E+00
 11  63           0.0000000000000000E+00
 11  64           0.0000000000000000E+00
 11  65           0.0000000000000000E+00
 11  66           0.0000000000000000E+00
 11  67           0.0000000000000000E+00
 11  68           0.0000000000000000E+00
 11  69           0.0000000000000000E+00
 11  70           0.0000000000000000E+00
 11  71           0.2085462989537493-124
 11  72           0.0000000000000000E+00
 11  73           0.0000000000000000E+00
 11  74           0.0000000000000000E+00
 11  75           0.0000000000000000E+00
 11  76           0.0000000000000000E+00
 11  77           0.0000000000000000E+00
 11  78           0.0000000000000000E+00
 11  79           0.3686844549942413+304
 11  80           0.0000000000000000E+00
 11  81           0.0000000000000000E+00
 11  82           0.0000000000000000E+00
 11  83           0.0000000000000000E+00
 11  84           0.0000000000000000E+00
 11  85           0.0000000000000000E+00
 11  86           0.0000000000000000E+00
 11  87           0.0000000000000000E+00
 11  88           0.0000000000000000E+00
 11  89           0.0000000000000000E+00
 11  90           0.0000000000000000E+00
 11  91           0.0000000000000000E+00
 11  92           0.0000000000000000E+00
 11  93           0.0000000000000000E+00
 11  94           0.0000000000000000E+00
 11  95           0.0000000000000000E+00
 11  96           0.0000000000000000E+00
 11  97           0.0000000000000000E+00
 11  98           0.0000000000000000E+00
 11  99           0.0000000000000000E+00
 11 100           0.0000000000000000E+00
